(31 1.5107047124814663)
(50 1.7025911747881846)
(8 1.8438582128147682)
(35 -0.33187487458765785)
(40 1.0781750988270868)
(10 -0.3830926399658221)
(4 -0.41044611617154025)
(75 1.5339696343153189)
(24 0.51860064533037309)
(3 0.15112751145942183)
(21 1.2889263783117877)
(27 1.6642371196706669)
(70 2.4072098846441889)
(84 1.0531668244859533)
(95 2.4134352757309405)
(77 1.9685451268495149)
(86 -0.30715689195380169)
(82 2.2629064803156282)
(96 1.8031572961432609)
(47 0.13123765359429529)
(28 0.30829992199430245)
(67 -0.3732897787648275)
(71 1.642031925088304)
(17 -0.2365608299311539)
(12 1.3072810407320572)
(32 2.3856500417482009)
(38 2.2514422227566802)
(14 2.1273445739027039)
(76 2.3904389680057383)
(93 0.36914656024975434)
